2
4
6
8
10
12
15
17
19
21
23
25
27
29
31
33
35
37
39
42
44
46
48
50
52
54
56
58
60
62
64
67
69
71
73
75
77
79
81
83
85
87
89
91
94
96
98
100
102
104
106
108
110
112
114
116
118
121
123
125
127
129
131
133
135
137
139
141
143
145
148
150
152
154
156
158
160
162
164
166
168
170
172
175
177
179
181
183
185
187
189
191
193
195
197
199
202
204
206
208
210
212
214
216
218
220
222
224
227
229
231
233
235
237
239
241
243
245
247
249
251
254
256
258
260
262
264
266
268
270
272
274
276
278
281
283
285
287
289
291
293
295
297
299
301
303
305
308
310
312
314
316
318
320
322
324
326
328
330
332
335
337
339
341
343
345
347
349
351
353
355
357
360
362
364
366
368
370
372
374
376
378
380
382
384
387
389
391
393
395
397
399
401
403
405
407
409
411
414
416
418
420
422
424
426
428
430
432
434
436
438
441
443
445
447
449
451
453
455
457
459
461
463
465
468
470
472
474
476
478
480
482
484
486
488
490
493
495
497
499
501
503
505
507
509
511
513
515
517
520
522
524
526
528
530
532
534
536
538
540
542
544
547
549
551
553
555
557
559
561
563
565
567
569
571
574
576
578
580
582
584
586
588
590
592
594
596
598
601
603
605
607
609
611
613
615
617
619
621
623
626
628
630
632
634
636
638
640
642
644
646
648
650
653
655
657
659
661
663
665
667
669
671
673
675
677
680
682
684
686
688
690
692
694
696
698
700
702
704
707
709
711
713
715
717
719
721
723
725
727
729
731
734
736
738
740
742
744
746
748
750
752
754
756
759
761
763
765
767
769
771
773
775
777
779
781
783
786
788
790
792
794
796
798
800
802
804
806
808
810
813
815
817
819
821
823
825
827
829
831
833
835
837
840
842
844
846
848
850
852
854
856
858
860
862
864
867
869
871
873
875
877
879
881
883
885
887
889
891
894
896
898
900
902
904
906
908
910
912
914
916
919
921
923
925
927
929
931
933
935
937
939
941
943
946
948
950
952
954
956
958
960
962
964
966
968
970
973
975
977
979
981
983
985
987
989
991
993
995
997
1000
1002
1004
1006
1008
1010
1012
1014
1016
1018
1020
1022
1024
1027
1029
1031
1033
1035
1037
1039
1041
1043
1045
1047
1049
1052
1054
1056
1058
1060
1062
1064
1066
1068
1070
1072
1074
1076
1079
1081
1083
1085
1087
1089
1091
1093
1095
1097
1099
1101
1103
1106
1108
1110
1112
1114
1116
1118
1120
1122
1124
1126
1128
1130
1133
1135
1137
1139
1141
1143
1145
1147
1149
1151
1153
1155
1157
1160
1162
1164
1166
1168
1170
1172
1174
1176
1178
1180
1182
1185
1187
1189
1191
1193
1195
1197
1199
1201
1203
1205
1207
1209
1212
1214
1216
1218
1220
1222
1224
1226
1228
1230
1232
1234
1236
1239
1241
1243
1245
1247
1249
1251
1253
1255
1257
1259
1261
1263
1266
1268
1270
1272
1274
1276
1278
1280
1282
1284
1286
1288
1290
1293
1295
1297
1299
1301
1303
1305
1307
1309
1311
1313
1315
1318
1320
1322
1324
1326
1328
1330
1332
1334
1336
1338
